512 61.0773532152842
1024 138.480718436344
2048 157.918072289157
4096 180.929341730653
512 32.1728031418753
1024 62.031235210601
2048 65.7909398920818
4096 65.2759162711073
512 89.5300546448087
1024 156.690974297669
2048 178.177740016992
4096 183.197379340467
512 100.669738863287
1024 146.777155655095
2048 164.01939621461
4096 168.432415067063
512 111.806365623501
1024 119.002123878525
2048 121.285650276942
4096 119.697979868183
512 126.645349276084
1024 123.661260809718
2048 125.247615137481
4096 125.291811374083
512 351.76785339875
1024 366.430769566784
2048 372.530541914851
4096 368.853818026113